80
1	O 
2	C 
3	H 
4	H 
5	C 
6	C 
7	H 
8	C 
9	H 
10	C 
11	H 
12	C 
13	H 
14	C 
15	H 
16	C 
17	O 
18	N 
19	H 
20	C 
21	H 
22	C 
23	H 
24	H 
25	H 
26	C 
27	O 
28	N 
29	H 
30	C 
31	H 
32	C 
33	H 
34	H 
35	H 
36	C 
37	O 
38	N 
39	H 
40	C 
41	H 
42	C 
43	H 
44	H 
45	H 
46	C 
47	O 
48	N 
49	H 
50	C 
51	H 
52	C 
53	H 
54	H 
55	H 
56	C 
57	O 
58	N 
59	H 
60	C 
61	H 
62	C 
63	H 
64	H 
65	H 
66	C 
67	O 
68	N 
69	H 
70	C 
71	H 
72	C 
73	H 
74	H 
75	H 
76	C 
77	O 
78	N 
79	H 
80	H 

 1 	 2 	1
 1 	 16 	1
 2 	 3 	1
 2 	 4 	1
 2 	 5 	1
 5 	 6 	2
 5 	 14 	1
 6 	 7 	1
 6 	 8 	1
 8 	 9 	1
 8 	 10 	2
 10 	 11 	1
 10 	 12 	1
 12 	 13 	1
 12 	 14 	2
 14 	 15 	1
 16 	 17 	2
 16 	 18 	1
 18 	 19 	1
 18 	 20 	1
 20 	 21 	1
 20 	 22 	1
 20 	 26 	1
 22 	 23 	1
 22 	 24 	1
 22 	 25 	1
 26 	 27 	2
 26 	 28 	1
 28 	 29 	1
 28 	 30 	1
 30 	 31 	1
 30 	 32 	1
 30 	 36 	1
 32 	 33 	1
 32 	 34 	1
 32 	 35 	1
 36 	 37 	2
 36 	 38 	1
 38 	 39 	1
 38 	 40 	1
 40 	 41 	1
 40 	 42 	1
 40 	 46 	1
 42 	 43 	1
 42 	 44 	1
 42 	 45 	1
 46 	 47 	2
 46 	 48 	1
 48 	 49 	1
 48 	 50 	1
 50 	 51 	1
 50 	 52 	1
 50 	 56 	1
 52 	 53 	1
 52 	 54 	1
 52 	 55 	1
 56 	 57 	2
 56 	 58 	1
 58 	 59 	1
 58 	 60 	1
 60 	 61 	1
 60 	 62 	1
 60 	 66 	1
 62 	 63 	1
 62 	 64 	1
 62 	 65 	1
 66 	 67 	2
 66 	 68 	1
 68 	 69 	1
 68 	 70 	1
 70 	 71 	1
 70 	 72 	1
 70 	 76 	1
 72 	 73 	1
 72 	 74 	1
 72 	 75 	1
 76 	 77 	2
 76 	 78 	1
 78 	 79 	1
 78 	 80 	1
 38		 17		4
 18		 77		4
 28		 77		4
 58		 37		4
 68		 47		4
 78		 67		4

